-------------------------------------------------------------------------------------------------------------------------
					     DADOS DAS PARTIDAS ANALISADAS
-------------------------------------------------------------------------------------------------------------------------
Partida		R múltiplo	R-Quadrado	R-Quadrado ajustado	Erro Padrão	F		F de significação
-------------------------------------------------------------------------------------------------------------------------
1		0,940905523	0,885303202	0,832733837		35,56146349	16,84066742	1,07067E-08
2		0,962231348	0,925889167	0,891921702		39,54436439	27,25811795	6,81805E-11
3		0,941223907	0,885902442	0,833607729		51,28384305	16,94057347	1,00824E-08
4		0,950413558	0,903285931	0,85895865		65,71953197	20,37765233	1,50236E-09
5		0,93180839	0,868266875	0,807889192		73,05016878	14,38059297	5,20965E-08
6		0,91615319	0,839336668	0,765699307		124,819858	11,39824487	4,91322E-07
7		0,904698818	0,818479952	0,735283263		187,2082084	9,837890973	1,91862E-06
8		0,918021647	0,842763745	0,770697128		292,516517	11,69423212	3,85666E-07
9		0,769576989	0,592248743	0,40536275		701,8506317	3,169037623	0,008773145	
10		0,999999901	0,999999803	0,999999713		0,556730408	11075031,48	1,16718E-77
-------------------------------------------------------------------------------------------------------------------------





----------------------------------------------------------------------------------------------------------------------
						VALORES INTERSEÇÃO
----------------------------------------------------------------------------------------------------------------------
Partida		Coeficientes	Erro Padrão	Stat t		Valor P		95% inferiores		95% superiores	
----------------------------------------------------------------------------------------------------------------------
1		677,8410132	62,19116037	10,89931445	8,91106E-11	549,4847668		806,1972596
2		869,868859	58,94816454	14,75650456	1,54965E-13	748,205827		991,531891
3		844,4691125	90,63123172	9,317639146	1,91864E-09	657,4154437		1031,522781
4		1146,310434	114,1940226	10,03827003	4,56193E-10	910,6255555		1381,995313
5		1165,076277	127,7527502	9,11977453	2,87941E-09	901,4075598		1428,744994
6		1328,616253	216,8865367	6,125858584	2,5024E-06	880,9844415		1776,248064
7		1590,235126	240,1193703	6,622685725	7,52524E-07	1094,653103		2085,817149	
8		1620,989039	634,4694012	2,554873467	0,017385017	311,5085541		2930,469523
9		1578,789351	1144,438246	1,379532147	0,180450092	-783,2150993		3940,793801
10		-1,321029334	0,714080628	-1,849972234	0,07666857	-2,794819315		0,152760646
----------------------------------------------------------------------------------------------------------------------



----------------------------
   VALORES DURBIN-WATSON
----------------------------
Partida		Valor	
----------------------------
1		1,923785431	
2		1,881350699
3		1,553963597	
4		1,459945642	
5		1,875896083	
6		1,802884367	
7		2,082219341	
8		1,858850851	
9		1,955100097	
10		2,336264139
---------------------------







	










